accuracy: 0.9875518672199171
precision: 0.9872881355932204
recall: 0.9878371232152301
f1_score: 0.9873137845113482
