'accuracy': 0.4745098039215686
'precision': 0.47467474579430047
'recall': 0.4745098039215686
'f1_score': 0.4724140362876535