accuracy: 0.4411764705882353
precision: 0.22058823529411764
recall: 0.5
f1_score: 0.30612244897959184
