accuracy: 0.6078431372549019
precision: 0.7777777777777778
recall: 0.6153846153846154
f1_score: 0.5446428571428572
