accuracy: 0.30656934306569344
precision: 0.4230769230769231
recall: 0.3686868686868687
f1_score: 0.2053410820534108
