mse_loss: 0.0019544636536585657
f1_mae: 38.632650246749755
f1_rmse: 52.50462124221179
f1_r2: 0.536795787714242
f2_mae: 55.75016584665339
f2_rmse: 73.94863540973493
f2_r2: 0.619007745093855
f3_mae: 51.478171277578205
f3_rmse: 68.43473672520003
f3_r2: 0.7321868933237617
