accuracy: 0.6001780943900267
precision: 0.48377167762202405
recall: 0.4886610805773124
f1_score: 0.4844993875164721
